256 8.317915309446255
304 8.722984092155787
362 9.004606172270844
430 9.41062427297402
512 9.647346141322044
608 9.945708801754867
724 10.353442320976283
861 10.72836398838335
1024 11.0670682077161
1217 11.330365703328312
1448 11.70173822953839
1722 12.070080340722098
2048 12.430699112883536
2435 12.758505031145184
2896 13.094561151079137
3444 13.42941489619126
4096 13.800406917599187
4870 14.126629932578117
5792 14.4684757273172
6888 14.807147869431606
8192 15.16162438200647
9741 15.530755411070237
11585 15.871887093757643
13777 16.20178802579209
16384 16.5766965402887
19483 16.911289425733766
23170 17.2532819254922
27554 17.596849803112693
32768 17.95373511624713
38967 18.29925021706494
46340 18.639349156053648
55108 18.990848246014632
