256 8.620846905537459
304 9.029621503017005
362 9.324735145094426
430 9.755331523846452
512 10.044610875936177
608 10.346312037290923
724 10.751323969606263
861 11.16243949661181
1024 11.486407292853654
1217 11.775921106697712
1448 12.216300218717624
1722 12.555318942987126
2048 12.928460975014243
2435 13.275925799164899
2896 13.643223021582735
3444 13.990562841794512
4096 14.369725330620549
4870 14.71405592251617
5792 15.050185606169606
6888 15.437341205507295
8192 15.80665703647942
9741 16.181281546753358
11585 16.534592642679364
13777 16.894037091252223
16384 17.27732622605617
19483 17.612368153160475
23170 17.98865622684669
27554 18.34119269551121
32768 18.716622500724796
38967 19.084234028083713
46340 19.434694413373663
55108 19.809301158032586
