10 256 2.5186
10 304 2.5035
10 362 2.5065
10 430 2.4967
10 512 2.5397
10 608 2.5018
10 724 2.5058
10 861 2.4908
10 1024 2.506
10 1217 2.5062
10 1448 2.5083
10 1722 2.5256
10 2048 2.5094
10 2435 2.5164
10 2896 2.5014
10 3444 2.5155
10 4096 2.5058
10 4870 2.5092
10 5792 2.5182
10 6888 2.4954
10 8192 2.4927
10 9741 2.5089
10 11585 2.5505
10 13777 2.5204
10 16384 2.5074
10 19483 2.5206
10 23170 2.5276
10 27554 2.505
10 32768 2.5286
10 38967 2.5184
10 46340 2.5246
10 55108 2.5168
100 256 6.7045
100 304 6.7449
100 362 6.7094
100 430 6.7159
100 512 6.7155
100 608 6.7228
100 724 6.7107
100 861 6.762
100 1024 6.7461
100 1217 6.73
100 1448 6.7487
100 1722 6.7866
100 2048 6.7389
100 2435 6.7572
100 2896 6.763
100 3444 6.7947
100 4096 6.8054
100 4870 6.7911
100 5792 6.8314
100 6888 6.8229
100 8192 6.7439
100 9741 6.7727
100 11585 6.7904
100 13777 6.8196
100 16384 6.7712
100 19483 6.829
100 23170 6.7998
100 27554 6.7972
100 32768 6.8237
100 38967 6.8077
100 46340 6.8298
100 55108 6.8523
1000 1024 11.4066
1000 1217 11.5001
1000 1448 11.5261
1000 1722 11.5532
1000 2048 11.5698
1000 2435 11.5244
1000 2896 11.5758
1000 3444 11.6802
1000 4096 11.687
1000 4870 11.651
1000 5792 11.6485
1000 6888 11.629
1000 8192 11.6611
1000 9741 11.7935
1000 11585 11.7609
1000 13777 11.8812
1000 16384 12.0043
1000 19483 12.0229
1000 23170 12.1192
1000 27554 12.1634
1000 32768 12.1422
1000 38967 12.246
1000 46340 12.2836
1000 55108 12.1942
