10 256 2.4602
10 304 2.4524
10 362 2.454
10 430 2.4501
10 512 2.481
10 608 2.4447
10 724 2.4603
10 861 2.4404
10 1024 2.4427
10 1217 2.4563
10 1448 2.4517
10 1722 2.4553
10 2048 2.451
10 2435 2.4656
10 2896 2.4441
10 3444 2.4484
10 4096 2.4683
10 4870 2.4462
10 5792 2.4612
10 6888 2.4444
10 8192 2.4491
10 9741 2.4435
10 11585 2.4886
10 13777 2.4709
10 16384 2.4364
10 19483 2.4543
10 23170 2.4477
10 27554 2.4443
10 32768 2.4692
10 38967 2.4487
10 46340 2.4719
10 55108 2.4562
100 256 6.5005
100 304 6.5397
100 362 6.5152
100 430 6.494
100 512 6.5018
100 608 6.5028
100 724 6.4979
100 861 6.5625
100 1024 6.5199
100 1217 6.5138
100 1448 6.539
100 1722 6.5954
100 2048 6.5288
100 2435 6.542
100 2896 6.5692
100 3444 6.5749
100 4096 6.5721
100 4870 6.5844
100 5792 6.6148
100 6888 6.6185
100 8192 6.545
100 9741 6.5747
100 11585 6.5663
100 13777 6.5938
100 16384 6.5339
100 19483 6.591
100 23170 6.5914
100 27554 6.5774
100 32768 6.5825
100 38967 6.5905
100 46340 6.5867
100 55108 6.6284
1000 1024 11.0307
1000 1217 11.1263
1000 1448 11.1099
1000 1722 11.1841
1000 2048 11.2667
1000 2435 11.1855
1000 2896 11.2711
1000 3444 11.3534
1000 4096 11.421
1000 4870 11.3905
1000 5792 11.4004
1000 6888 11.4549
1000 8192 11.574
1000 9741 11.7029
1000 11585 11.695
1000 13777 11.9116
1000 16384 11.9855
1000 19483 12.1474
1000 23170 11.6695
1000 27554 11.7796
1000 32768 11.7105
1000 38967 11.7916
1000 46340 11.8127
1000 55108 11.7758
